0.000204053
0.00032724
0.000487728
0.000788623
0.00121625
0.00209301
0.00697237
0.00884865
0.00291883
0.00176827
0.00137498
0.00089429
0.00109084
0.00116899
0.00456745
0.000733807
0.000679099
0.000156334
0.000384814
0.000939479
0.00234358
0.00699008
0.0151078
0.00420535
0.00225443
0.0029666
0.00190041
0.00218181
0.00145973
0.00713749
0.00206432
0.00302372
0.00311035
0.00349154
0.00455303
0.00894358
0.0175678
0.0184119
0.00593726
0.002733
0.00248889
0.00261118
0.00365301
0.0035282
0.0449449
0.0152666
0.00683844
0.00281662
0.00266832
0.00116102
0.00355045
0.00473551
0.00662445
0.0032325
0.00320286
0.00293029
0.0034275
0.00566801
0.00842655
0.0219426
0.010508
0.0037021
0.00122515
0.00172636
0.00180476
0.00112344
0.00531516
0.00919455
0.00252787
0.000235664
0.000600277
0.000780793
0.000845284
0.0011411
0.00241277
0.00120351
0.00177254
0.00118088
0.000788028
0.00135696
0.00307441
0.00602281
0.00464502
0.00172998
0.0012827
0.000523914
0.000611385
0.00208263
0.00243995
0.00766183
0.0031344
0.00353083
0.00227907
0.00127772
0.000424098
0.0023668
0.00925693
0.0123085
0.00527624
0.0011795
0.00220329
0.000862157
0.00188483
0.00294012
0.00708589
0.00529839
0.00533812
0.000305757
0.000714325
0.000947339
0.00243293
0.00518774
0.0100655
0.00694547
0.00365603
0.00298375
0.00317229
0.00629044
0.00594569
0.00413114
0.0135239
0.00451665
0.00120274
0.000772124
0.00115845
0.00152458
0.000888313
0.00774285
0.00322943
0.00323014
0.000986196
0.00277447
0.00422884
0.00430774
0.00507596
0.00794925
0.00382957
0.000814926
0.00183206
0.00141605
0.00540395
0.00721577
0.00831692
0.00298989
0.00146628
0.000332978
0.00122627
0.00198897
0.00359663
0.0028853
0.00212591
0.000924412
0.000141907
0.000518593
0.000969919
0.000894896
0.00290761
0.00495283
0.0024535
0.00188041
0.0013137
0.000553553
0.000981347
0.000857595
0.00262782
0.00359242
0.000548053
0.000961271
0.00144403
0.00251701
0.00494086
0.00169493
0.00475148
0.00169176
0.00123297
0.000252364
0.000571405
0.0024052
0.00451336
0.00423726
0.00177111
0.00116807
0.000306118
0.00169489
0.00105675
0.00305181
0.0015149
0.000712288
0.00339042
0.000704732
0.00326565
0.00301283
0.00338134
0.00531009
0.00389766
0.00416774
0.00332386
0.00289552
0.0019029
0.00127684
0.0047943
0.00615601
0.00350173
0.00137809
0.000976588
0.00240775
0.00273634
0.0017448
0.00370665
0.00444298
0.00215193
0.00215
0.00326247
0.000839936
0.00132885
0.00307536
0.0045284
0.00203376
0.00259861
0.00165004
0.00120288
0.0013972
0.00295976
0.00117155
0.00350172
0.00349643
0.00301317
0.00210653
0.00150561
0.00112147
0.00372422
0.00481766
0.00126724
0.00306125
0.00331434
0.002637
0.00094375
0.00243407
0.0025159
0.00459814
0.00130111
0.00345437
0.00307431
0.00205332
0.00224522
0.00243593
0.00177366
0.00310946
0.00143732
0.00181628
0.00171856
0.00171014
0.00271191
0.00517556
0.00360991
0.00254159
0.00163334
0.000258862
0.00110436
0.000245121
0.00105236
0.00251613
0.00166241
0.00366341
0.00109243
0.00180247
0.000809566
0.00103192
0.00192905
0.00194313
0.00109686
0.00133083
0.00121126
0.00105252
0.00139705
0.00226493
0.00202617
0.00272591
0.0031782
0.00130118
0.00255013
0.000357678
0.0015361
0.00388056
0.0036078
0.00159298
0.00108449
0.00262524
0.00255498
0.00176989
0.00263458
0.00150132
0.00290534
0.00097194
0.00196618
0.000474292
0.0032152
0.00178138
0.00325314
0.00396133
0.00345516
0.00363596
0.00284389
0.00169146
0.00206605
0.000835765
0.00593115
0.00417473
0.00441224
0.00498934
0.00458782
0.00532249
0.0021909
0.000830499
0.00263624
0.00607278
0.00380957
0.00490404
0.00525008
0.00294204
0.00287335
0.00323233
0.0055105
0.00515226
0.00647719
0.00415275
0.00617991
0.000835504
0.00388368
0.00417429
0.00960477
0.00469558
0.00637621
0.00538101
0.00410941
0.00232178
0.000886436
0.00374065
0.0076076
0.00681551
0.00493635
0.00544426
0.00161392
0.00246353
0.00353365
0.00605959
0.00393135
0.00497886
0.00364378
0.0044082
0.000609946
0.000695178
0.00222687
0.00280949
0.00527311
0.00456576
0.00327997
0.00221158
0.00213275
0.00354166
0.0102323
0.00424627
0.005623
0.00381332
0.00277655
0.000590807
0.00096564
0.00263631
0.00406952
0.00233771
0.004221
0.00333614
0.000249176
0.00141426
0.00144633
0.00410924
0.00240045
0.00385146
0.00272639
0.00326171
0.000169454
0.000613052
0.00123466
0.00171493
0.00144682
0.00298957
0.00359566
0.000834447
0.00166197
0.00199222
0.000769161
0.00112116
0.000641074
0.00129377
0.00126501
0.000256817
0.000411798
0.000933419
0.00123359
0.000464096
0.000743176
0.00114045
0.000884188
0.000783541
0.00140889
0.00189849
0.00147275
0.000761814
0.00123618
0.00142608
0.000707543
0.00282371
0.00338275
0.0029839
0.00295945
0.00544402
0.00613665
0.00654665
0.0020998
0.00421836
0.00528087
0.00429407
0.0043521
0.00287484
0.0021282
0.00419664
0.000289803
0.00306676
0.00331003
0.00207316
0.00331709
0.00373564
0.00446259
0.00197843
0.00322781
0.00586408
0.00475757
0.0026687
0.00454674
0.00450346
0.00261521
0.0018088
0.00247439
0.00183762
0.00254609
0.00198807
0.00297979
0.00359689
0.000846883
0.00165135
0.00247352
0.00207084
0.00115222
0.00150627
0.00115271
0.000669682
0.000742855
0.00119172
0.00157807
0.00162443
0.00103865
0.000791797
0.00258819
0.00049956
0.00141805
0.00348492
0.0037088
0.00183363
0.00234057
0.00172959
0.00222001
0.00110001
0.000951737
0.00173608
0.0014336
0.000759314
0.00138856
0.00185572
0.000212268
0.000388532
0.00106753
0.00136851
0.000899017
0.000500063
0.000462287
0.00141083
0.000942779
0.00131967
0.000925053
0.00109357
0.000901104
0.0012838
0.00107878
0.000771668
0.000902311
0.0016419
0.00121653
0.000498452
0.00136544
0.000486321
0.00101231
0.000800131
0.000958373
0.000929775
0.000897203
0.000426278
0.00114782
0.000580415
0.00126458
0.00177308
0.00144669
0.00143064
0.00221191
0.00139132
0.00102427
0.00384983
0.000296049
0.00182578
0.00212901
0.00296352
0.00104835
0.000500993
0.000432592
0.00142133
0.00231243
0.00114183
0.00111759
0.00049189
0.00062946
0.0016402
0.000435707
0.00190916
0.000849251
0.000305377
0.00093679
0.00139861
0.00150617
0.000848246
0.000694348
0.000980052
0.00186614
0.000419411
0.00115929
0.000890053
0.000673953
0.000892611
0.00232034
0.000593604
0.00149651
0.00112014
0.00059914
0.00101017
0.00224094
0.00070316
0.00130417
0.00055299
0.000759512
0.00104024
0.00135868
0.00122748
0.00102973
0.00141745
0.00073968
0.00200534
0.00107932
0.000816119
0.00181901
0.000687587
0.000667426
0.00162728
0.000486164
0.00137353
0.000943143
0.000430585
0.000580148
0.00187221
0.000950131
0.00132333
0.00104094
0.00114521
0.000259879
0.000526062
0.0013879
0.000775938
0.000952953
0.000414016
0.000806614
0.000719491
0.000646763
0.000407954
0.000863274
0.00106992
0.000270732
0.000454488
0.000445549
0.000949632
0.000408682
0.000554177
0.00103961
0.00032169
0.00128544
0.00116833
0.000535359
0.000958773
0.000314996
0.000444008
0.000687336
0.00131319
0.000896916
0.000868067
0.00131199
0.000658752
0.00133439
0.0029628
0.000498488
0.00144202
0.00171362
0.000736875
0.000176599
0.00215038
0.000769723
0.00224364
0.00131578
0.00114828
0.0010024
0.00141312
0.00217976
0.00172619
0.000992716
0.000244529
0.000735728
0.00114731
0.00132489
0.00168664
0.00117322
0.00142502
0.00289707
0.000904791
0.0017973
0.000876825
0.00119676
0.00131388
0.00121399
0.0011488
0.00101144
0.0014483
0.000512192
0.000450318
0.000441948
0.00033738
0.000508966
0.000407268
0.000825552
0.0003842
0.000791334
0.00101332
0.000845344
0.000510781
0.00107796
0.000922205
0.00109508
0.00148795
0.000929408
6.54878e-05
0.00051549
0.00265168
0.00206074
0.00169805
0.00176529
0.00144747
0.00184232
0.00185029
0.000506657
0.002715
0.00318275
0.00437658
0.00277641
0.000687548
0.00231957
0.00124325
0.000957421
0.00651182
0.00421926
0.00313974
0.0028131
0.000473293
0.00142638
0.00138005
0.00388132
0.00258025
0.00310379
0.0001818
0.000674347
0.00229482
0.000716371
0.00111559
0.0010905
0.000916547
0.00176465
0.000633048
0.00193045
0.000758344
0.000735946
0.000531312
0.00348669
0.00332927
0.00117559
0.00152851
0.00248919
0.002054
0.00243349
0.00495265
0.000617195
0.00319429
0.00223007
0.00224142
0.00109596
0.000898443
0.0015123
0.00164611
0.00185916
0.000391574
0.000794735
0.000949194
0.000412126
0.000962956
0.00156348
0.000330697
0.00132101
0.00040792
0.00111349
0.000464611
0.000606289
0.00157633
0.00182958
0.00233075
0.00237977
0.0029682
0.00110402
0.00216462
0.000130324
0.00126183
0.00033265
0.00354697
0.00136225
0.002049
0.000946048
0.00204011
0.00161321
0.000877695
0.000915039
0.00164059
0.00112689
0.0010162
0.00181755
0.000620424
0.000733198
0.00120616
0.00189479
0.00121897
0.00166127
0.00141015
0.0021922
0.000449511
0.00166256
0.00183387
0.00252085
0.00114817
0.000873945
0.00089251
0.00109636
0.000957181
0.00137399
0.00209173
0.00173015
0.00201335
0.00180215
0.00133259
0.000581491
0.00165267
0.000792562
0.000588037
0.000947015
0.000856791
0.000522378
0.000739726
0.000767114
0.00180364
0.00119111
0.00054099
0.00150749
0.000479322
0.000708628
0.00111963
0.00227053
0.00230789
0.00145544
0.00038506
0.000385698
0.000309442
0.00106192
0.000576276
0.000411137
0.00147025
0.000416993
0.000554391
0.00128977
0.000305764
0.00065601
0.000347229
0.00120035
0.00173874
0.000143957
0.000453708
0.00164252
0.000750589
0.000315136
0.000533538
0.00171379
0.000241651
0.000573241
0.000595425
0.000696921
0.000337581
0.000515683
0.00116699
0.0003782
0.000254486
0.00041385
0.00072895
0.000394907
0.000343643
0.00157879
0.000535141
0.000655412
0.000305234
0.000517559
0.00111423
0.000181713
0.000570341
0.000970296
0.000570262
0.0018734
0.00150929
6.28729e-05
0.000823974
0.00130287
0.000699612
0.000849781
0.00177148
0.00103147
0.000624403
0.00129359
0.00055999
0.00165179
0.0011426
0.00135911
0.00250448
0.000731988
0.000283641
0.00124328
0.00106878
0.00179705
0.000729312
0.00384294
0.00164767
0.0015492
0.00225979
0.00272398
0.00300998
0.00165271
0.00543242
0.00294142
0.00218911
0.00160065
0.00252792
0.00116857
0.00280676
0.000745732
0.00435869
0.000561252
0.00161622
0.0019017
0.00167646
0.00100837
0.0015708
0.0034997
0.0024396
0.00114746
0.00139434
0.00213785
0.00205971
0.00306984
0.00185666
0.00455924
0.000933777
0.00205166
0.00153685
0.00175995
0.00147603
0.00442149
0.00598958
0.00407169
0.00209361
0.00304548
0.00233341
0.00272051
0.00460968
0.0011627
0.00749139
0.00100816
0.0028205
0.00217594
0.00137508
0.00295188
0.00346604
0.00399682
0.00546071
0.000378269
0.00349397
0.00226862
0.00226122
0.00312556
0.00111183
0.00519079
0.0012056
0.00184706
0.00236525
0.00127879
0.00191832
0.00178056
0.00161801
0.00312821
0.000326816
0.00210976
0.00116135
0.00134589
0.00148988
0.000860974
0.0031678
0.00177504
0.00121223
0.001402
0.00157402
0.00194982
0.00150731
0.00141927
0.00145479
0.000970759
0.000307495
0.000558697
0.00100504
0.00099031
0.000747132
0.000658462
0.000922435
0.000728441
0.000588186
0.000391272
0.000997963
0.000698929
0.00138374
0.00189042
0.000493089
0.00115774
0.00051289
0.000480187
0.00194233
0.000369425
0.00291275
0.00283549
0.000717062
0.000850789
0.00119586
0.00117211
0.00119659
0.000500926
0.00267801
0.00138554
0.00201756
0.001562
0.00120872
0.00192625
0.000612217
0.00345926
0.00344924
0.00089234
0.002498
0.00131853
0.00168239
0.000877238
0.000493284
0.00331533
0.00220331
0.00153976
0.00119065
0.00031802
0.00144575
0.000597932
0.0032874
0.00393181
0.00126109
0.00291898
0.000643216
0.00102346
0.00107867
0.001562
0.00353842
0.00272336
0.00153572
0.00110008
0.00111413
0.00150976
0.00130023
0.00159988
0.00236975
0.00123383
0.00121802
0.00051108
0.000523942
0.000101783
0.000904505
0.00217592
0.00193692
0.000483665
0.00141748
0.000688816
0.000371445
0.000904698
0.000897943
0.00125622
0.000834887
6.9461e-05
0.00112238
0.00037248
0.00114944
0.000544156
0.000964594
0.000925419
0.000408577
0.000942936
0.00142734
0.000956853
0.00073272
0.00101544
0.00220454
0.00137826
0.00130639
0.00139019
0.00126583
0.000986054
0.000965938
0.00232608
0.00217904
0.000499143
0.000677432
0.000494384
0.000664847
0.00102253
0.000940814
0.00100597
0.000877517
0.00150896
0.0017406
0.00118017
0.00117911
0.00127535
0.00204453
0.00162969
0.000631514
0.00142869
0.001476
0.00127156
0.00135624
0.000694561
0.00250009
0.00123033
0.00136467
0.00168442
0.00147742
0.00149345
0.000960045
0.00152198
0.0024133
0.000745422
0.00152431
0.00077056
0.000441454
0.000524063
0.000855586
0.0020377
0.00237868
0.000504482
0.00156515
0.000966784
0.000691008
0.000731711
0.00139022
0.00151711
0.00106931
0.00147728
0.00109118
0.00137717
0.00118208
0.000981765
0.00260421
0.00259367
0.000323112
0.00152273
0.000627076
0.00104939
0.000723365
0.00140001
0.00271064
0.00168048
0.00129625
0.000356056
0.000838876
0.00136621
0.000539706
0.00198788
0.00117975
0.000500859
0.00111671
0.00145675
0.00111581
0.00091899
0.000816766
0.00189158
0.00101678
0.0007407
0.000155547
0.00116631
0.00131305
0.000622071
0.00151786
0.00210985
0.000505072
0.00120405
0.000837604
0.000612341
0.000700197
0.000906879
0.00192114
0.00194113
0.00129721
0.00109823
0.001607
0.00179372
0.000188685
0.00135144
0.00227508
0.000579661
0.000934857
0.000538761
0.000804328
0.000817798
0.000643997
0.00119333
0.00174274
0.000521349
0.000733295
0.000850044
0.000593429
0.000139067
0.00058206
0.00192374
0.00109601
0.000819034
0.00047508
0.000271473
0.000465469
0.000231399
0.00108357
0.00184133
0.000157969
0.000890701
0.000622992
0.00109467
0.000677107
0.000215193
0.00185252
0.00124394
0.000272347
0.00023305
0.000128692
0.000298892
0.000109138
0.000444072
0.000702861
0.000751232
0.000341428
0.00039406
0.000797832
0.000349964
0.000704392
6.0181e-05
0.00106478
0.000670693
0.000773097
0.00163051
0.000486201
0.000938059
0.00107663
0.00187058
0.000902065
0.00157135
0.0014764
0.00117911
0.000873923
0.00101688
0.00179006
0.00184617
0.000761065
0.000495306
0.00154093
0.000899412
0.000903501
0.00116027
0.00192466
0.000604566
0.00102843
0.000356937
0.000532754
0.000312624
0.000387433
0.000991197
0.00122494
0.000524794
0.000257591
0.000251276
0.000230456
0.000283028
0.000130862
0.000306113
0.000407762
0.000379489
0.000419189
0.000277321
0.000466389
0.000595365
0.000435543
0.000504596
0.000287806
0.000612653
0.000758449
0.000352612
0.000747973
0.000507423
0.00110792
0.000637885
0.000557249
8.54004e-05
0.000793917
0.000346085
0.000545891
0.000763473
0.00118094
0.000304024
0.000383528
0.000145892
2.93668e-05
0.000102631
0.000104138
0.000196096
0.000231772
0.000175736
0.00013571
0.000242041
0.000612278
0.000672138
0.00043511
0.000630453
0.000419529
0.000585668
0.000742724
0.000613114
0.000706853
0.000499302
0.000960027
0.000357842
0.000822804
0.000344755
0.000671728
0.000476421
0.000764179
0.000668807
0.00130329
0.000391351
0.000809142
0.000408857
0.000651289
0.000421193
0.000626437
0.00112011
0.000613986
0.000550159
0.000423901
0.000346634
2.94954e-05
0.000602698
0.000476521
0.000681215
0.000635936
0.000963772
0.00041496
0.000811469
0.000589894
0.000585419
0.00110032
0.00108355
0.000849002
0.000367814
0.000683557
0.00024304
0.000916234
0.000642666
0.00117267
0.000245473
0.00131447
0.000951981
0.00136589
0.000889327
0.00123601
0.00153859
0.00162653
0.000920046
0.000718169
0.000772434
0.00064619
0.00103415
0.000525825
0.00168739
0.000320679
0.00144606
0.000572131
0.000860247
0.000344422
0.000700693
0.000799343
0.00117126
0.000461682
0.00110228
0.000427148
0.000646474
0.000453196
0.000297876
0.00101571
0.000277931
0.000895836
0.000291976
0.000683222
0.000192744
0.000630515
0.000695125
0.000659172
0.000276463
0.000727584
0.000218174
0.000456936
0.00044679
0.00044504
0.000563684
0.000173139
0.000541396
0.00030343
0.000304115
0.000296466
0.000469245
0.000263107
7.52582e-05
0.000609791
0.000229175
0.00055061
0.000314879
0.000106311
0.000396003
0.000222535
0.00045977
0.000226559
0.000105885
0.000355055
3.27975e-05
0.00016319
7.78831e-05
0.000285023
0.000810318
0.000496107
7.29383e-05
0.000233982
0.000442312
0.000314788
0.000186175
0.000760848
0.000447926
0.000440651
0.000284268
0.00022763
0.000328327
0.000134469
0.000399936
7.47713e-05
0.000167285
6.39414e-05
0.000250618
0.000107667
0.000248264
0.000188897
0.00020686
7.65792e-05
0.000363053
0.000328713
0.000189701
8.39959e-05
0.000224434
0.000518392
0.000375153
0.00031789
0.000358646
0.000181674
0.000274662
0.000200866
0.000216099
0.000644872
0.000336831
0.000647756
8.22196e-05
0.000133048
0.000357572
0.000146261
0.00054275
0.00066439
0.000329935
0.000398734
0.000105624
0.000258531
0.0002556
0.000356851
0.000481856
7.64529e-05
1.03958e-05
0.000304133
4.73764e-05
0.000198786
0.000115797
0.000364876
0.000149332
0.000338038
0.000430686
0.000315775
0.000272867
0.000225181
0.000322406
0.000415906
0.000228938
0.000516243
0.000260872
0.000176902
0.000347338
0.000377144
0.000513181
0.000454258
0.000502531
0.000353578
0.000345514
0.000133421
0.000150583
0.000331393
0.000378712
0.000147651
0.000272361
0.000196808
0.000220847
7.95812e-05
0.000193193
0.000259672
0.00029165
8.05276e-05
0.000203744
0.00023915
0.000154457
0.000101423
4.29403e-05
0.00014534
5.44057e-05
7.3157e-05
0.000144319
6.76302e-05
1.32338e-05
0.00018342
5.3924e-05
0.000107414
0.000103569
3.10845e-05
0.000112031
3.13872e-05
0.00015548
0.000163779
0.000166054
8.85442e-05
0.000118336
1.86514e-05
7.61229e-05
0.000157367
0.000172128
7.0395e-05
0.000273265
0.00018173
0.000218499
0.000106407
0.000119993
0.000119292
0.000185782
0.000302797
0.000219663
0.000254888
0.000109887
0.00028775
0.000157357
0.000176935
0.000155083
0.000148499
0.000264865
0.000102321
9.67235e-05
3.70995e-05
4.63647e-05
0.000173037
0.000158496
0.000276095
0.000249783
5.50252e-06
4.34874e-05
0.000114874
2.32071e-05
0.000163357
0.000218527
2.57049e-05
0.00013628
5.64388e-05
0.000102798
0.0001839
0.000150218
0.000206829
0.000420621
0.000198825
0.000207426
0.00031554
0.000218357
0.000119292
0.000128136
0.000536844
0.000116544
0.000578798
0.000141471
0.000242659
0.000160066
2.19652e-05
0.00039532
0.000478956
0.000278363
0.000279451
0.000191558
0.000148124
0.000133353
0.000192983
0.000281552
4.48816e-05
0.000401596
5.63186e-05
0.000140646
3.73658e-05
5.75025e-05
6.3118e-05
0.00015875
0.000209748
9.8116e-05
2.2605e-05
5.59784e-05
1.37986e-05
0.000102203
8.22364e-05
9.03615e-05
8.3802e-05
0.000140441
7.56751e-05
0.000117664
0.000145542
2.89877e-05
0.000124401
0.000139836
0.000135429
6.5401e-05
2.92655e-05
4.93944e-05
2.19314e-05
4.90965e-05
8.8379e-05
7.37797e-05
5.36371e-05
6.50634e-05
0.000109819
6.40592e-05
3.03517e-05
0.000107496
0.000101364
1.17681e-05
6.47824e-05
0.00013136
0.000108507
7.9566e-05
9.63829e-05
0.000102729
8.02108e-05
2.94642e-05
8.87717e-05
8.11619e-05
3.61002e-05
2.6447e-06
0.000120358
0.000141378
9.40791e-05
0.00011818
4.78347e-05
0.000116684
5.78535e-05
0.000127355
0.000180001
0.000211331
0.000235703
0.000215541
0.000107102
0.000123354
0.000119501
0.000225509
0.000314049
0.00017871
0.000117515
1.98842e-05
2.71958e-05
3.13604e-05
0.000101757
8.2421e-05
0.000233937
5.50111e-05
0.000143019
8.30914e-05
4.10729e-05
9.96145e-05
0.000156748
0.000235955
0.000222885
3.65405e-05
0.000170957
7.10004e-05
8.69504e-06
3.04354e-05
9.28915e-05
0.000118039
0.000137146
0.000208403
6.18376e-05
7.35301e-05
0.000132849
0.00011708
9.79165e-05
0.000191746
6.34527e-05
0.000224824
8.73208e-05
6.40798e-05
9.92296e-05
3.50423e-05
8.71183e-05
0.000215286
0.000193163
0.000106805
2.84291e-05
0.000150121
0.000139239
9.61303e-05
0.000172419
0.000126292
0.000175279
8.83273e-05
0.000118955
0.000184952
1.53329e-05
0.000150057
0.000123184
0.000120331
9.58123e-05
5.09062e-05
4.20308e-05
7.95538e-05
2.88271e-05
7.57892e-05
3.84085e-05
5.1226e-05
4.86951e-05
3.25787e-05
3.5892e-05
5.0825e-05
8.43597e-05
4.6231e-05
4.18077e-05
5.8777e-05
7.44824e-05
0.000117721
8.71655e-05
9.90749e-05
5.1418e-05
0.000125072
7.82148e-05
9.19122e-06
3.9829e-05
4.32844e-05
8.62501e-05
7.47671e-06
6.85711e-05
9.21078e-05
0.000106106
8.24315e-06
2.488e-05
0.000115264
6.99047e-05
8.28809e-05
7.95631e-05
0.000107949
6.54479e-05
3.50716e-05
6.00045e-05
5.0538e-05
5.74715e-05
5.97881e-05
3.38857e-05
7.04596e-05
5.02607e-05
3.70123e-05
5.6446e-05
6.79696e-05
7.56969e-05
0.000117128
9.01897e-05
8.3328e-05
7.59661e-05
5.43053e-05
0.000186401
0.000102254
0.000131498
7.53236e-05
4.89325e-05
1.21757e-05
0.000103394
7.55909e-05
0.000157307
8.89667e-05
0.00012502
8.27983e-05
2.02844e-05
4.80579e-05
0.000183509
0.000268712
0.000142856
0.000236492
0.00016803
0.000106152
0.000135449
8.23807e-05
0.000223239
0.000190242
8.53717e-05
0.000230235
7.52054e-05
9.01976e-05
4.54126e-05
0.000228905
0.000192971
7.9377e-05
0.00020294
6.9058e-05
0.000100158
0.000115866
0.000108913
0.000231804
0.000182088
0.000123941
0.000114631
0.000117223
0.000122179
3.85934e-05
0.000168411
9.2729e-05
4.52884e-05
4.40247e-05
6.45638e-05
0.000117391
0.000142457
3.54253e-05
5.87969e-05
6.17117e-05
3.11301e-05
0.000100777
1.13093e-05
3.85707e-05
8.18273e-05
0.000117321
0.000106431
4.27421e-05
0.000118616
5.9265e-05
7.54674e-05
4.19333e-05
3.86337e-05
0.00011231
0.000109415
2.13698e-05
9.23462e-05
8.20007e-05
1.72977e-05
7.85175e-05
5.71082e-05
3.53951e-05
7.04539e-05
9.42496e-05
7.1112e-05
5.82262e-05
0.000119941
4.46015e-05
6.89203e-05
9.71548e-05
5.40778e-05
4.47486e-05
3.10045e-05
8.82157e-05
6.60217e-05
3.42323e-05
0.000126987
0.000119345
9.70209e-05
0.000151422
1.17092e-05
0.000116099
9.83856e-05
7.88635e-05
5.46216e-05
0.000144659
0.00012681
0.00010936
7.76304e-05
0.000138077
0.000119824
0.000107613
0.000199601
0.000117108
0.000126975
0.000152581
0.00013098
0.000105126
0.000238347
0.000146714
0.000109483
0.000143318
1.7257e-05
7.35046e-05
0.000107087
6.93827e-05
8.0311e-05
7.9647e-05
7.86672e-05
3.71568e-05
8.02071e-05
6.6706e-05
0.00011523
0.00014882
8.57052e-05
2.49965e-06
9.99466e-05
3.29463e-05
7.87419e-05
7.15998e-05
4.32989e-05
7.25515e-05
4.36838e-05
4.74007e-05
5.71292e-05
9.7963e-05
0.000108391
6.22401e-05
0.000105937
6.97744e-05
6.96912e-05
0.000133027
1.79033e-05
3.11904e-05
4.29334e-05
0.000103431
5.70061e-05
0.000105594
5.54779e-05
9.03983e-05
5.02101e-05
8.03175e-05
9.79622e-05
6.23532e-05
0.000119935
8.14144e-05
0.000117717
6.14341e-05
3.85389e-05
5.02916e-05
7.19291e-05
0.000131908
0.000155096
0.000111227
7.14061e-05
8.01232e-05
0.000113611
2.87286e-05
0.000110532
0.000163558
2.30127e-05
5.23918e-05
1.79914e-05
4.00497e-05
4.9487e-05
6.67152e-05
0.000132263
2.28825e-05
8.41931e-05
5.23087e-05
2.98446e-05
5.89787e-05
9.45667e-06
9.08603e-05
7.18081e-05
6.48759e-05
6.99334e-05
1.96565e-05
3.3718e-05
3.99402e-05
8.04979e-05
4.67653e-05
2.92354e-05
6.89024e-05
4.55231e-05
1.42189e-05
3.3401e-05
0.000104618
5.66943e-05
3.9903e-05
6.34747e-05
4.17704e-05
2.34814e-05
1.81624e-05
2.12507e-05
7.07251e-05
4.8502e-05
1.78791e-05
2.63997e-05
2.19081e-05
7.41121e-06
3.58142e-06
4.29502e-05
2.63734e-05
3.28577e-05
1.55764e-05
6.15849e-06
7.93893e-06
1.33876e-05
2.15806e-05
6.96567e-06
2.30149e-05
7.37897e-06
7.35129e-06
2.32073e-06
4.4037e-06
8.41382e-06
3.0248e-06
3.94756e-06
5.46972e-06
4.37141e-06
5.78347e-06
3.97544e-06
3.91243e-06
7.08075e-06
2.68165e-06
1.47455e-06
3.75788e-06
3.63288e-06
2.51332e-06
4.50968e-06
5.34312e-06
4.00879e-06
4.74612e-06
4.49927e-06
1.70503e-06
4.24879e-06
3.84604e-06
2.66133e-06
3.36428e-06
4.76164e-06
4.78721e-06
3.32436e-06
3.02424e-06
2.89523e-06
3.80734e-06
3.56139e-06
3.21146e-06
3.76588e-06
3.74593e-06
3.60092e-06
3.40747e-06
3.83266e-06
3.64015e-06
3.65866e-06
3.57082e-06
3.59851e-06
3.71873e-06
3.50464e-06
3.7631e-06
3.79983e-06
3.85097e-06
3.82976e-06
3.99158e-06
4.12808e-06
3.81344e-06
3.79583e-06
3.45389e-06
3.7271e-06
3.57015e-06
3.67132e-06
3.66733e-06
3.83778e-06
3.70999e-06
3.6579e-06
3.401e-06
3.73393e-06
3.80071e-06
3.9765e-06
3.80585e-06
3.92997e-06
3.8181e-06
4.01407e-06
3.97291e-06
3.82543e-06
4.0453e-06
